30 32 30 30 32 30 05 80 20 C0 92 00 30 30 30 30
30 30 30 30 30 30 30 30 30 30 31 30 30 30 30 35
32 30 31 33 31 33 33 39 30 30 30 30 37 35 32 31
30 35 32 30 31 33 31 33 33 39 30 35 31 32 30 30
30 30 33 36 36 37 39 39 39 39 38 39 30 30 30 30
30 32 30 30 30 36 39 3D 32 35 31 32 32 32 30 30
38 35 31 33 30 35 31 39 33 34 30 31 30 30 33 37
33 34 30 30 35 36 37 38 20 20 20 20 20 20 20 30
35 31 67 1C 70 B5 E8 AD 6E 5E 01 63 4F 07 A0 00
00 00 04 30 60 5F 2A 02 00 51 82 02 30 00 84 07
A0 00 00 00 04 30 60 95 05 08 00 04 80 00 9A 03
21 05 20 9B 02 E8 00 9C 01 00 9F 02 06 00 00 00
00 10 00 9F 03 06 00 00 00 00 00 00 9F 09 02 00
02 9F 10 12 02 10 A0 00 0F 24 00 00 00 00 00 00
00 00 00 00 00 FF 9F 1A 02 00 51 9F 1E 08 30 34
31 39 34 30 35 39 9F 26 08 A9 05 53 9B 57 CC B6
49 9F 27 01 80 9F 33 03 E0 F0 C8 9F 34 03 42 03
00 9F 35 01 22 9F 36 02 00 01 9F 37 04 AD F6 91
E1 9F 41 03 00 00 74 9F 53 01 52 5F 34 01 25
