30 32 30 30 32 30 05 80 20 C0 82 00 30 30 30 30
30 30 30 30 30 30 30 30 30 30 35 30 30 30 30 36
30 32 31 34 35 36 35 35 30 30 30 30 30 32 32 31
30 36 30 32 31 34 35 36 35 35 30 35 39 32 30 30
30 30 33 37 34 33 35 35 30 35 33 39 32 32 33 33
32 34 33 34 3D 32 31 30 38 32 30 31 31 36 37 37
37 39 33 36 30 30 30 30 30 32 31 30 31 30 38 37
38 32 31 30 30 30 38 37 38 20 20 20 20 20 20 20
30 35 31 01 48 4F 07 A0 00 00 00 03 10 10 5F 2A
02 00 51 82 02 3C 00 84 07 A0 00 00 00 03 10 10
95 05 00 80 00 80 00 9A 03 21 06 02 9B 02 E8 00
9C 01 00 9F 02 06 00 00 00 00 50 00 9F 03 06 00
00 00 00 00 00 9F 09 02 00 8C 9F 10 07 06 01 0A
03 A4 20 02 9F 1A 02 00 51 9F 1E 08 39 30 34 31
35 35 36 30 9F 26 08 06 50 CC 5F B9 08 EC 3C 9F
27 01 80 9F 33 03 E0 F0 C8 9F 34 03 44 03 02 9F
35 01 22 9F 36 02 06 9B 9F 37 04 28 AC 8D 0F 9F
41 03 00 00 01 5F 34 01 01
